/home/khanh/Projects/KhoaLuan/src/fleurs_data/unit
436
371
314
252
335
336
302
337
368
289
211
341
428
550
426
429
409
527
333
336
513
352
312
329
275
222
505
448
308
358
378
266
437
609
379
289
521
861
265
329
584
203
265
455
190
278
223
517
422
310
184
308
638
388
397
341
252
550
539
228
651
595
204
394
352
163
546
391
154
517
424
371
280
336
292
406
299
293
284
572
154
390
273
405
373
187
194
152
323
396
393
248
272
263
629
292
217
369
204
686
380
313
221
355
137
263
324
355
339
188
409
444
411
532
606
385
923
354
421
520
412
379
321
485
381
202
650
413
320
335
372
477
347
281
979
260
421
422
192
309
356
446
243
238
318
389
242
335
450
362
391
714
357
282
372
518
345
387
421
411
416
575
276
314
142
307
364
363
314
281
469
410
473
551
619
340
257
237
660
362
586
427
227
378
382
265
205
490
436
507
533
486
349
203
770
409
423
455
403
242
289
347
328
427
171
386
373
315
210
336
331
236
380
373
486
295
320
218
398
548
207
353
215
404
477
256
362
344
217
342
262
613
329
371
599
280
511
335
405
190
783
436
401
490
397
368
414
292
268
441
371
420
475
180
721
439
161
371
329
274
305
254
354
198
362
272
361
413
537
246
298
396
358
987
462
510
290
288
268
237
687
512
345
296
315
206
253
471
409
354
250
268
376
423
391
572
225
400
528
218
185
458
457
290
308
623
216
359
401
490
598
324
509
562
405
215
196
479
457
313
452
262
421
417
377
260
235
430
469
447
671
420
771
375
321
298
532
221
518
210
393
559
199
720
220
518
359
236
454
492
266
289
218
578
279
451
360
375
427
769
570
